601
602
603
605
606
608
609
610
611
612
613
615
616
618
619
620
621
622
626
701
702
703
705
706
708
709
710
711
712
713
715
716
718
719
720
721
722
726
801
802
803
805
806
808
809
810
811
812
813
815
816
818
819
820
821
822
826
901
902
903
905
906
908
909
910
911
912
913
915
916
918
919
920
921
922
1001
1002
1003
1005
1006
1008
1009
1010
1011
1012
1013
1015
1016
1018
1019
1020
1021
1022
1101
1102
1103
1105
1106
1108
1109
1110
1111
1112
1113
1115
1116
1118
1119
1120
1121
1122
1201
1202
1203
1205
1206
1208
1209
1210
1211
1212
1213
1215
1216
1218
1219
1220
1221
1222
1301
1302
1303
1305
1306
1308
1309
1310
1311
1312
1313
1315
1316
1318
1319
1320
1321
1322
1401
1402
1403
1405
1406
1408
1409
1410
1411
1412
1413
1415
1416
1418
1419
1420
1422
1501
1502
1503
1505
1506
1508
1509
1510
1511
1512
1513
1515
1516
1518
1519
1520
1521
1522
1601
1602
1603
1605
1606
1608
1609
1610
1611
1612
1613
1615
1616
1618
1619
1620
1621
1701
1702
1703
1705
1706
1708
1709
1710
1711
1712
1713
1715
1716
1718
1719
1720
1721
1722
1801A
1801B
1802A
1802B